eig
  	eigenvalue	percentage of variance	cumulative percentage of variance	
comp 1	3.1993724833575	26.6614373613125	26.6614373613125
comp 2	2.1567287988691	17.9727399905758	44.6341773518883
comp 3	1.78611847569063	14.8843206307553	59.5184979826436
comp 4	1.18433265999553	9.86943883329607	69.3879368159396
comp 5	0.91990726296518	7.66589385804317	77.0538306739828
comp 6	0.798142042719428	6.65118368932857	83.7050143633114
comp 7	0.597004042631592	4.9750336885966	88.680048051908
comp 8	0.447267094887971	3.72722579073309	92.4072738426411
comp 9	0.396757035247195	3.30630862705996	95.713582469701
comp 10	0.300978892303037	2.50815743585865	98.2217399055597
comp 11	0.157044791095856	1.30870659246547	99.5304464980252
comp 12	0.0563464202369802	0.469553501974835	100

var
coord
   	Dim.1	Dim.2	Dim.3	Dim.4	Dim.5	
fixed.acidity	0.8673	-0.1996	-0.1192	-0.2192	-0.0655	
volatile.acidity	-0.4927	-0.5527	-0.0102	-0.2474	0.3605	
citric.acid	0.8648	0.1628	0.0834	0.0207	-0.144	
residual.sugar	0.2565	-0.0276	0.5602	-0.4605	0.5151	
chlorides	0.1436	-0.2792	0.1453	0.6958	0.4372	
free.sulfur.dioxide	-0.2691	0.0472	0.8022	0.1106	-0.2052	
total.sulfur.dioxide	-0.0696	-0.1393	0.8637	-0.0138	-0.2751	
density	0.6859	-0.4968	0.0728	-0.0948	0.1972	
pH	-0.7431	0.2493	0.0073	0.0699	0.2233	
sulphates	0.4483	0.4288	0.1273	0.5221	0.1951	
alcohol	-0.0608	0.7917	-0.0318	-0.2467	0.1843	
quality	0.2556	0.7516	0.1335	-0.1364	0.1728	

cor
   	Dim.1	Dim.2	Dim.3	Dim.4	Dim.5	
fixed.acidity	0.8673	-0.1996	-0.1192	-0.2192	-0.0655	
volatile.acidity	-0.4927	-0.5527	-0.0102	-0.2474	0.3605	
citric.acid	0.8648	0.1628	0.0834	0.0207	-0.144	
residual.sugar	0.2565	-0.0276	0.5602	-0.4605	0.5151	
chlorides	0.1436	-0.2792	0.1453	0.6958	0.4372	
free.sulfur.dioxide	-0.2691	0.0472	0.8022	0.1106	-0.2052	
total.sulfur.dioxide	-0.0696	-0.1393	0.8637	-0.0138	-0.2751	
density	0.6859	-0.4968	0.0728	-0.0948	0.1972	
pH	-0.7431	0.2493	0.0073	0.0699	0.2233	
sulphates	0.4483	0.4288	0.1273	0.5221	0.1951	
alcohol	-0.0608	0.7917	-0.0318	-0.2467	0.1843	
quality	0.2556	0.7516	0.1335	-0.1364	0.1728	

cos2
   	Dim.1	Dim.2	Dim.3	Dim.4	Dim.5	
fixed.acidity	0.7522	0.0398	0.0142	0.0481	0.0043	
volatile.acidity	0.2428	0.3054	1e-04	0.0612	0.13	
citric.acid	0.7479	0.0265	0.0069	4e-04	0.0207	
residual.sugar	0.0658	8e-04	0.3139	0.212	0.2653	
chlorides	0.0206	0.0779	0.0211	0.4842	0.1911	
free.sulfur.dioxide	0.0724	0.0022	0.6435	0.0122	0.0421	
total.sulfur.dioxide	0.0048	0.0194	0.746	2e-04	0.0757	
density	0.4705	0.2468	0.0053	0.009	0.0389	
pH	0.5523	0.0622	1e-04	0.0049	0.0499	
sulphates	0.201	0.1839	0.0162	0.2726	0.0381	
alcohol	0.0037	0.6268	0.001	0.0609	0.034	
quality	0.0653	0.5649	0.0178	0.0186	0.0299	

contrib
   	Dim.1	Dim.2	Dim.3	Dim.4	Dim.5	
fixed.acidity	23.5099	1.8468	0.7956	4.0576	0.4667	
volatile.acidity	7.5891	14.1626	0.0059	5.1699	14.1294	
citric.acid	23.3777	1.2284	0.389	0.0362	2.2544	
residual.sugar	2.056	0.0352	17.5716	17.9022	28.8439	
chlorides	0.6448	3.6138	1.1816	40.8812	20.7762	
free.sulfur.dioxide	2.2632	0.1035	36.0305	1.0329	4.5772	
total.sulfur.dioxide	0.1514	0.9003	41.764	0.0162	8.228	
density	14.7057	11.4435	0.2967	0.759	4.2265	
pH	17.2617	2.8825	0.0029	0.4126	5.4193	
sulphates	6.2826	8.5255	0.9075	23.0204	4.1367	
alcohol	0.1156	29.0633	0.0566	5.1402	3.6941	
quality	2.0422	26.1947	0.9981	1.5718	3.2475	

ind
coord
   	Dim.1	Dim.2	Dim.3	Dim.4	Dim.5	
1	1.1681	0.769	1.2274	-0.8066	1.1435	
2	-0.9995	-0.4754	0.2896	-1.2913	2.8771	
3	-1.9118	-0.4242	1.1091	0.6896	-1.007	
4	3.336	1.2541	-0.6191	-0.3343	0.6383	
5	-1.8075	-0.977	1.0687	0.0036	-0.7328	
6	-1.5023	0.4428	-0.4132	-0.2257	1.0578	
7	-1.9161	-0.7302	0.3927	0.6446	1.2069	
8	-0.3442	2.7747	-0.153	-0.2346	-1.0624	
9	-1.4531	-1.7464	-1.2818	0.2532	-0.8552	
10	-1.2156	-0.3613	0.0699	1.5043	-0.5494	
11	3.144	-0.0197	1.2604	0.3608	-0.1571	
12	0.4743	-0.4029	-0.4105	-0.4185	0.4639	
13	2.6126	2.1694	-0.2933	-0.7622	0.529	
14	-0.0668	-0.8373	-0.7717	-0.5777	1.2632	
15	2.2167	0.7645	-1.0201	0.0637	0.4434	
16	-0.077	-0.9888	1.7771	-0.647	0.4334	
17	0.5859	0.0275	-0.9962	0.6771	-1.1819	
18	0.4151	0.2143	0.0617	-0.2149	0.4471	
19	-2.4865	1.0413	0.7192	-0.6175	-0.1186	
20	-0.6101	-0.4678	0.9928	-0.0168	-0.6993	
21	0.6753	2.8151	0.1408	0.8521	-0.4146	
22	1.9952	0.6504	-1.2841	-0.101	0.3687	
23	-0.4741	-0.7764	-0.2414	0	-0.3355	
24	-2.511	1.3793	-0.1709	-0.6517	1.4361	
25	0.0835	0.1466	0.8371	0.6113	-1.2344	
26	-2.713	-0.4017	0.0788	-1.3142	0.1998	
27	-1.6731	-1.2108	-2.0916	-0.9146	-0.4199	
28	0.3557	-0.1962	-0.9601	0.866	0.2669	
29	-1.8639	-0.587	-1.8738	0.1331	-0.2014	
30	-1.9767	0.8762	-1.2505	-0.8418	0.9929	
31	-1.3267	-0.3229	-0.9098	0.0452	0.7238	
32	-0.4344	-0.4961	-0.9284	0.2272	-0.5205	
33	-0.0037	-1.4097	0.7155	0.0685	-1.0966	
34	-0.8367	-0.4732	-1.6843	0.4647	-0.8398	
35	0.7943	-0.3867	-0.5583	2.0817	-0.2518	
36	0.0868	-1.9967	-1.2078	-0.5429	-0.1505	
37	-2.0918	-0.0423	-1.0067	0.7166	1.1944	
38	-1.4569	-0.886	-0.4843	0.2924	0.3011	
39	0.136	-1.4773	1.7197	-0.3465	-0.567	
40	3.0311	-1.1294	-1.1613	0.6518	-0.385	
41	-2.9837	0.726	0.2752	0.3555	-0.6169	
42	5.0625	-0.9623	0.9851	-2.1211	2.0717	
43	-1.6706	0.8322	-2.0308	-1.9973	-0.0318	
44	-1.5418	-1.0777	-1.7048	-0.8037	0.4277	
45	-1.6246	0.4026	1.9264	-0.0124	-0.3796	
46	0.0353	1.2847	1.731	0.9863	-1.2007	
47	0.8334	1.3623	-0.0564	0.5714	-0.2136	
48	3.8185	-1.5445	2.2297	10.1446	4.0727	
49	0.273	2.5211	0.4764	0.437	-0.6348	
50	0.8219	0.3466	-1.1437	-0.0847	0.0988	
51	1.4105	-2.1662	4.3816	-2.0609	1.5442	
52	-1.7902	-0.3561	-1.5597	-0.0055	-0.1482	
53	0.2161	2.1766	0.6818	0.0309	-1.1611	
54	1.181	1.2228	-0.041	0.7047	-0.4613	
55	-0.1833	-1.5877	2.4306	-1.4232	1.0753	
56	-2.7895	5.4927	0.4968	0.0223	0.6692	
57	3.5257	-1.9402	-1.2186	-1.2778	-0.7611	
58	2.638	-0.3285	0.0921	-0.7237	0.0762	
59	-1.1554	-1.7573	-1.2511	2.0198	1.4056	
60	1.59	2.1473	-1.2782	-0.5015	-0.0042	
61	0.5892	1.348	-0.0485	0.4241	-0.6709	
62	1.5989	3.5971	0.8097	-0.2846	1.4113	
63	-1.0101	-2.4145	1.9749	-0.5802	0.4122	
64	-1.711	-0.9696	-0.3347	0.3298	1.0581	
65	-0.9109	-0.9708	1.3345	-0.5089	1.7837	
66	-0.4997	-1.0207	0.5251	-0.6308	-0.3515	
67	-1.0751	-1.7612	-0.0347	-0.4765	0.6991	
68	3.4751	0.0498	-1.0141	-0.0824	-0.1038	
69	1.2283	0.4269	-1.1012	0.872	-0.9232	
70	-1.368	0.2043	-0.1463	0.0269	0.228	
71	-0.7977	0.1256	0.495	0.4164	-0.6939	
72	-0.9995	-0.4754	0.2896	-1.2913	2.8771	
73	-1.3074	-0.9742	-0.3133	0.5081	0.2882	
74	-1.0054	0.4398	-0.2077	-0.0309	-0.0027	
75	-1.2341	-0.425	-0.1378	1.3776	-0.8958	
76	-1.2173	-1.5442	2.8462	-0.1616	-1.6824	
77	-0.3381	0.0724	-0.3212	-9e-04	-0.4825	
78	-0.3419	-0.135	-1.0615	-0.2353	0.5548	
79	2.674	-0.7297	-1.0816	0.0466	-0.4702	
80	3.189	1.7114	-0.9913	1.4002	-0.1956	
81	-0.0671	0.3882	-1.0922	-0.1695	-0.1643	
82	-1.8539	0.6039	0.3775	-0.0101	0.204	
83	-0.1072	1.6931	0.7871	-0.0864	-0.0704	
84	-0.9061	-1.2661	0.9603	0.0788	-1.0822	
85	-0.692	-2.3386	-0.2653	-1.0088	0.8008	
86	1.0575	-0.0789	-0.3739	0.5357	0.0758	
87	-2.2481	-3.2527	-0.126	-0.4738	-0.231	
88	-1.2143	-0.1315	1.0912	0.3633	-0.4776	
89	1.5393	0.3945	-0.4612	0.1329	0.1941	
90	0.7239	0.1294	3.3741	-1.9151	2.8406	
91	0.7653	1.8294	2.6603	1.2334	-1.1043	
92	2.9875	2.2281	-0.8841	1.1816	0.047	
93	-0.7115	-1.2704	0.0704	-0.2949	-0.203	
94	2.8856	-0.6988	-1.416	-0.7246	-0.4846	
95	0.9149	-1.5699	-1.6397	-1.318	-0.6734	
96	0.6453	-1.1851	-1.0191	0.8424	0.3798	
97	-0.5153	-1.4158	-0.9631	0.57	0.7749	
98	-2.4006	1.0409	-1.6587	0.2088	0.0444	
99	1.777	0.2828	-0.5884	0.1032	-1.1108	
100	-0.7556	-0.5603	-1.39	-1.249	0.8627	
101	-0.6886	-0.4305	-0.9979	-0.1697	0.6387	
102	1.4394	2.0085	8.3507	-3.2641	-1.5129	
103	-1.0295	1.6297	-0.4839	0.8228	0.2745	
104	-0.994	-1.7327	-1.4481	-0.5288	-0.3934	
105	-2.0644	0.0274	1.8211	-0.0599	-0.5215	
106	2.2282	-0.9668	0.1345	0.1112	-1.2246	
107	3.1895	1.6218	0.8901	-1.3632	3.0267	
108	-2.4074	-1.9367	-1.0636	-0.8042	1.8429	
109	-1.8074	-1.6699	2.7997	-0.2989	-0.3041	
110	1.1505	0.6016	0.8963	-0.1177	-0.3181	
111	3.5766	-0.7605	-1.0478	-0.378	0.0932	
112	-0.0975	-1.6418	1.1925	0.4145	0.2788	
113	-2.009	2.1935	0.5305	-0.7492	-0.1585	
114	-0.5488	-1.1681	-0.9103	0.1008	-1.2537	
115	1.2484	-0.5442	-0.6043	-0.1273	-0.6577	
116	3.5687	0.4761	-0.9027	-0.2885	-1.1734	
117	0.3493	-0.9742	1.3178	0.7887	-1.407	
118	-1.9644	-0.8873	1.3602	0.4673	-0.9995	
119	-0.3188	1.8759	-0.7931	-0.3305	-0.2014	
120	-0.7246	0.2862	1.7784	-0.3272	0.7872	
121	-0.0046	-1.3997	1.8557	0.2219	-1.9518	
122	1.4529	1.8282	-0.4531	0.7468	0.9151	
123	-1.0513	1.4701	-0.9651	-0.4266	-0.4005	
124	0.3578	-0.5451	0.8326	-0.1006	0.2091	
125	1.6587	-1.8943	4.9112	0.5693	2.5322	
126	-0.4128	0.3707	-0.3629	0.2818	0.2181	
127	0.8995	2.9008	-0.4713	-0.2516	0.0035	
128	1.7474	0.5588	-0.4037	-0.1568	-0.7694	
129	4.3596	-0.5756	-0.9425	-0.4071	-0.4654	
130	0.2762	-0.6089	1.0407	-0.6179	0.6115	
131	4.3434	0.7966	0.4968	-2.7026	1.8879	
132	-0.1003	-0.4481	-0.0866	0.9299	-1.3472	
133	-0.0941	-0.5964	-1.6907	0.4706	-0.5202	
134	-2.9095	1.3934	-1.2549	-1.7072	0.4127	
135	3.156	-0.5566	0.0609	-1.3856	1.7252	
136	-0.7554	0.1003	-1.0021	-0.3193	0.4545	
137	-1.238	0.382	-0.523	-0.0389	0.1298	
138	-1.7515	-1.5321	-0.3156	-0.315	-0.6144	
139	-1.7606	1.8541	0.2292	0.502	0.0703	
140	-1.7291	0.4961	0.6098	0.1496	0.1629	
141	4.1933	-2.1799	-1.2935	-0.9523	-0.7807	
142	3.1962	-1.7651	-0.8551	-1.0946	-0.6938	
143	0.0279	-0.7935	-1.168	-0.694	-0.1649	
144	-1.4824	-1.1798	0.7046	0.6232	-1.2849	
145	0.4084	0.7125	-0.54	0.1273	-0.5831	
146	-3.4644	1.7224	-0.3647	-0.3244	0.4722	
147	-0.6045	0.1425	-0.4668	0.5438	0.4328	
148	0.3321	1.9597	0.7842	-0.0097	-0.9088	
149	-1.5027	1.6955	0.8136	1.029	1.1591	
150	0.7987	0.4495	-0.8819	0.0846	-0.8098	
151	-2.7454	-1.3781	-1.5793	-0.1025	0.8467	
152	-0.2141	-1.2847	-0.7377	-0.3639	0.973	
153	0.3209	2.5565	0.8736	0.9998	-0.2858	
154	0.0568	-0.2069	-0.4698	-0.0215	-0.0016	
155	-1.4874	-0.5619	1.0709	-0.0139	0.2309	
156	-0.8568	3.2711	-1.6773	-0.5463	-0.0773	
157	-2.4101	1.6761	-0.3588	0.6405	0.717	
158	2.4403	-3.5458	-0.635	-0.2971	-1.073	
159	-3.0928	1.0298	-1.74	-0.5871	0.1636	
160	-1.8293	0.7248	0.6626	0.3187	0.1494	
161	1.7082	-1.8897	1.1284	-0.364	-1.6276	
162	3.1702	1.4385	-0.2513	-1.0001	1.2128	
163	-0.8858	-0.9163	0.2076	-0.0307	-0.0962	
164	-1.0035	-2.1504	0.6397	-0.4432	-0.8613	
165	0.516	1.5648	0.8181	0.4788	-1.6447	
166	-1.3799	-0.8926	-1.0083	-0.2012	-0.0464	
167	-1.3616	-0.3104	-0.8822	0.1199	0.6673	
168	-0.5475	-1.7495	0.0131	-0.64	-1.0154	
169	0.0466	-0.0715	0.1123	-0.3974	0.4608	
170	1.6688	2.9642	-1.0538	1.5587	0.3739	
171	2.4825	1.2006	-0.9694	-0.1026	0.3079	
172	-1.1865	0.9653	-0.2256	0.4122	-0.5389	
173	2.9572	-0.6234	-1.3229	0.5846	-0.4178	
174	0.4282	-0.829	0.3707	0.5714	-0.7675	
175	-2.3066	1.5999	1.7762	0.6336	-0.2004	
176	-1.7192	-1.5634	-0.3589	0.0117	0.551	
177	0.7576	-0.8176	-0.5515	-1.1521	-0.4604	
178	-2.408	-3.5145	-0.5767	3.79	1.674	
179	0.4431	-1.0143	-1.0841	-0.9627	0.6482	
180	-1.4109	-1.6849	-0.5713	-0.4426	0.6655	
181	0.6812	3.1922	1.3499	0.5902	-0.1425	
182	-1.0667	0.5489	2.2612	0.2536	-1.3906	
183	-0.2637	-0.1204	-0.3704	0.7058	-0.7808	
184	-1.2676	-1.2568	-0.4977	0.2702	-0.2207	
185	1.1696	2.7489	-0.4322	0.3107	-0.3108	
186	0.1948	-1.717	2.8266	1.0912	-1.0765	
187	0.9486	0.7535	-0.0951	0.0369	-0.4997	
188	-0.426	0.4575	1.3934	0.6575	-0.6327	
189	-1.5804	-1.2082	-0.0236	0.333	-0.8112	
190	-0.2505	-1.2448	0.4458	0.6681	-1.0411	
191	-0.4657	1.9197	-1.767	-0.1441	-1.324	
192	-1.2194	0.7333	-1.7091	-0.9777	0.5953	
193	3.0424	-0.443	0.285	1.3353	-0.3575	
194	-2.7743	0.3949	-1.3566	-0.5892	0.8973	
195	0.2193	2.3373	-0.2885	0.1562	-0.4827	
196	0.6357	1.1498	-1.1724	0.1912	0.3203	
197	3.5848	-1.6035	-0.7124	-0.47	-0.1837	
198	-0.5886	-1.2104	2.3433	0.5159	-1.7185	
199	3.4934	-0.9152	-1.2789	0.0015	-0.9572	
200	-2.4488	4.4559	1.0268	0.2124	0.1737	

cos2
   	Dim.1	Dim.2	Dim.3	Dim.4	Dim.5	
1	0.1586	0.0687	0.1751	0.0756	0.1519	
2	0.0702	0.0159	0.0059	0.1171	0.5816	
3	0.4031	0.0198	0.1356	0.0524	0.1118	
4	0.7282	0.1029	0.0251	0.0073	0.0267	
5	0.4573	0.1336	0.1599	0	0.0752	
6	0.5146	0.0447	0.0389	0.0116	0.2551	
7	0.5283	0.0767	0.0222	0.0598	0.2096	
8	0.0085	0.5519	0.0017	0.0039	0.0809	
9	0.1966	0.284	0.153	0.006	0.0681	
10	0.249	0.022	8e-04	0.3813	0.0509	
11	0.7285	0	0.1171	0.0096	0.0018	
12	0.0697	0.0503	0.0522	0.0543	0.0667	
13	0.4738	0.3267	0.006	0.0403	0.0194	
14	9e-04	0.1346	0.1144	0.0641	0.3065	
15	0.5021	0.0597	0.1063	4e-04	0.0201	
16	7e-04	0.1128	0.3642	0.0483	0.0217	
17	0.0768	2e-04	0.2221	0.1026	0.3126	
18	0.0669	0.0178	0.0015	0.0179	0.0776	
19	0.5205	0.0913	0.0435	0.0321	0.0012	
20	0.0992	0.0583	0.2627	1e-04	0.1303	
21	0.0427	0.7413	0.0019	0.0679	0.0161	
22	0.5612	0.0596	0.2324	0.0014	0.0192	
23	0.0432	0.1158	0.0112	0	0.0216	
24	0.4923	0.1486	0.0023	0.0332	0.161	
25	0.0015	0.0047	0.1547	0.0825	0.3363	
26	0.5776	0.0127	5e-04	0.1355	0.0031	
27	0.2674	0.14	0.4179	0.0799	0.0168	
28	0.0304	0.0092	0.2213	0.18	0.0171	
29	0.4048	0.0401	0.4091	0.0021	0.0047	
30	0.4554	0.0895	0.1822	0.0826	0.1149	
31	0.2765	0.0164	0.13	3e-04	0.0823	
32	0.065	0.0848	0.297	0.0178	0.0934	
33	0	0.4748	0.1223	0.0011	0.2873	
34	0.0938	0.03	0.38	0.0289	0.0945	
35	0.0752	0.0178	0.0371	0.5163	0.0076	
36	0.0011	0.575	0.2104	0.0425	0.0033	
37	0.3445	1e-04	0.0798	0.0404	0.1123	
38	0.4022	0.1488	0.0444	0.0162	0.0172	
39	0.0025	0.2981	0.404	0.0164	0.0439	
40	0.6649	0.0923	0.0976	0.0307	0.0107	
41	0.765	0.0453	0.0065	0.0109	0.0327	
42	0.6854	0.0248	0.026	0.1203	0.1148	
43	0.141	0.035	0.2084	0.2016	1e-04	
44	0.244	0.1192	0.2983	0.0663	0.0188	
45	0.2852	0.0175	0.401	0	0.0156	
46	1e-04	0.1225	0.2224	0.0722	0.107	
47	0.1888	0.5045	9e-04	0.0887	0.0124	
48	0.094	0.0154	0.0321	0.6636	0.107	
49	0.0082	0.6992	0.025	0.021	0.0443	
50	0.2381	0.0423	0.461	0.0025	0.0034	
51	0.054	0.1273	0.5208	0.1152	0.0647	
52	0.3268	0.0129	0.2481	0	0.0022	
53	0.005	0.5052	0.0496	1e-04	0.1438	
54	0.1778	0.1906	2e-04	0.0633	0.0271	
55	0.0023	0.1697	0.3977	0.1363	0.0778	
56	0.1919	0.7439	0.0061	0	0.011	
57	0.5898	0.1786	0.0705	0.0775	0.0275	
58	0.7225	0.0112	9e-04	0.0544	6e-04	
59	0.0893	0.2065	0.1047	0.2728	0.1321	
60	0.1885	0.3438	0.1218	0.0188	0	
61	0.0601	0.3143	4e-04	0.0311	0.0779	
62	0.1341	0.6785	0.0344	0.0042	0.1044	
63	0.0732	0.4185	0.28	0.0242	0.0122	
64	0.5429	0.1743	0.0208	0.0202	0.2076	
65	0.0693	0.0787	0.1487	0.0216	0.2657	
66	0.0516	0.2151	0.0569	0.0822	0.0255	
67	0.2011	0.5396	2e-04	0.0395	0.085	
68	0.8652	2e-04	0.0737	5e-04	8e-04	
69	0.2459	0.0297	0.1977	0.124	0.1389	
70	0.6975	0.0156	0.008	3e-04	0.0194	
71	0.1352	0.0034	0.052	0.0368	0.1023	
72	0.0702	0.0159	0.0059	0.1171	0.5816	
73	0.2998	0.1665	0.0172	0.0453	0.0146	
74	0.2332	0.0446	0.01	2e-04	0	
75	0.1748	0.0207	0.0022	0.2178	0.0921	
76	0.0903	0.1454	0.4939	0.0016	0.1726	
77	0.0295	0.0014	0.0266	0	0.06	
78	0.0484	0.0075	0.467	0.0229	0.1275	
79	0.6994	0.0521	0.1144	2e-04	0.0216	
80	0.5297	0.1525	0.0512	0.1021	0.002	
81	0.0012	0.0408	0.323	0.0078	0.0073	
82	0.6772	0.0718	0.0281	0	0.0082	
83	0.0016	0.4027	0.087	0.001	7e-04	
84	0.1357	0.2649	0.1524	0.001	0.1936	
85	0.0511	0.5841	0.0075	0.1087	0.0685	
86	0.1186	7e-04	0.0148	0.0304	6e-04	
87	0.2425	0.5078	8e-04	0.0108	0.0026	
88	0.1747	0.0021	0.1411	0.0156	0.027	
89	0.5749	0.0378	0.0516	0.0043	0.0091	
90	0.0144	5e-04	0.3123	0.1006	0.2213	
91	0.0265	0.1512	0.3197	0.0687	0.0551	
92	0.4786	0.2662	0.0419	0.0749	1e-04	
93	0.1215	0.3874	0.0012	0.0209	0.0099	
94	0.63	0.0369	0.1517	0.0397	0.0178	
95	0.0959	0.2825	0.3082	0.1991	0.052	
96	0.1043	0.3518	0.2601	0.1777	0.0361	
97	0.041	0.3096	0.1433	0.0502	0.0927	
98	0.4614	0.0868	0.2203	0.0035	2e-04	
99	0.5268	0.0133	0.0578	0.0018	0.2059	
100	0.0901	0.0496	0.3049	0.2462	0.1174	
101	0.1479	0.0578	0.3106	0.009	0.1272	
102	0.0192	0.0374	0.6467	0.0988	0.0212	
103	0.1808	0.4532	0.04	0.1155	0.0129	
104	0.0806	0.245	0.1712	0.0228	0.0126	
105	0.3229	1e-04	0.2512	3e-04	0.0206	
106	0.5203	0.098	0.0019	0.0013	0.1572	
107	0.3819	0.0987	0.0297	0.0698	0.3439	
108	0.3734	0.2417	0.0729	0.0417	0.2188	
109	0.1624	0.1386	0.3897	0.0044	0.0046	
110	0.2882	0.0788	0.1749	0.003	0.022	
111	0.6633	0.03	0.0569	0.0074	5e-04	
112	0.0011	0.3203	0.169	0.0204	0.0092	
113	0.3542	0.4222	0.0247	0.0493	0.0022	
114	0.0362	0.1638	0.0995	0.0012	0.1887	
115	0.4239	0.0805	0.0993	0.0044	0.1176	
116	0.6798	0.0121	0.0435	0.0044	0.0735	
117	0.0128	0.0997	0.1824	0.0653	0.2079	
118	0.4364	0.089	0.2093	0.0247	0.113	
119	0.018	0.6215	0.1111	0.0193	0.0072	
120	0.0907	0.0142	0.5465	0.0185	0.1071	
121	0	0.1556	0.2735	0.0039	0.3026	
122	0.2558	0.405	0.0249	0.0676	0.1015	
123	0.1239	0.2422	0.1044	0.0204	0.018	
124	0.0688	0.1598	0.3728	0.0054	0.0235	
125	0.0598	0.0779	0.5239	0.007	0.1393	
126	0.0358	0.0289	0.0277	0.0167	0.01	
127	0.0784	0.8151	0.0215	0.0061	0	
128	0.4956	0.0507	0.0264	0.004	0.0961	
129	0.8385	0.0146	0.0392	0.0073	0.0096	
130	0.0153	0.0745	0.2176	0.0767	0.0752	
131	0.5708	0.0192	0.0075	0.221	0.1078	
132	0.0025	0.0492	0.0018	0.2118	0.4446	
133	0.0017	0.0681	0.5474	0.0424	0.0518	
134	0.4446	0.102	0.0827	0.1531	0.0089	
135	0.5426	0.0169	2e-04	0.1046	0.1621	
136	0.0807	0.0014	0.1421	0.0144	0.0292	
137	0.5051	0.0481	0.0902	5e-04	0.0056	
138	0.3115	0.2384	0.0101	0.0101	0.0383	
139	0.3303	0.3663	0.0056	0.0269	5e-04	
140	0.5432	0.0447	0.0676	0.0041	0.0048	
141	0.6627	0.1791	0.0631	0.0342	0.023	
142	0.6029	0.1839	0.0432	0.0707	0.0284	
143	2e-04	0.1391	0.3014	0.1064	0.006	
144	0.3065	0.1941	0.0692	0.0542	0.2303	
145	0.0331	0.1007	0.0579	0.0032	0.0675	
146	0.6326	0.1564	0.007	0.0055	0.0118	
147	0.0719	0.004	0.0429	0.0582	0.0369	
148	0.0169	0.5879	0.0941	0	0.1264	
149	0.2288	0.2912	0.0671	0.1073	0.1361	
150	0.1382	0.0438	0.1685	0.0016	0.1421	
151	0.4652	0.1172	0.1539	6e-04	0.0442	
152	0.0107	0.384	0.1266	0.0308	0.2203	
153	0.0104	0.6629	0.0774	0.1014	0.0083	
154	0.002	0.0266	0.1369	3e-04	0	
155	0.3307	0.0472	0.1714	0	0.008	
156	0.0421	0.613	0.1612	0.0171	3e-04	
157	0.5408	0.2616	0.012	0.0382	0.0479	
158	0.2221	0.4689	0.015	0.0033	0.0429	
159	0.6132	0.068	0.1941	0.0221	0.0017	
160	0.5786	0.0908	0.0759	0.0176	0.0039	
161	0.2244	0.2747	0.0979	0.0102	0.2038	
162	0.449	0.0924	0.0028	0.0447	0.0657	
163	0.3103	0.332	0.017	4e-04	0.0037	
164	0.0978	0.449	0.0397	0.0191	0.072	
165	0.0314	0.2883	0.0788	0.027	0.3185	
166	0.4334	0.1814	0.2314	0.0092	5e-04	
167	0.2939	0.0153	0.1234	0.0023	0.0706	
168	0.0489	0.4995	0	0.0669	0.1683	
169	0.0021	0.0049	0.012	0.1498	0.2014	
170	0.1082	0.3413	0.0431	0.0944	0.0054	
171	0.6136	0.1435	0.0936	0.001	0.0094	
172	0.4217	0.2791	0.0152	0.0509	0.087	
173	0.6505	0.0289	0.1302	0.0254	0.013	
174	0.0363	0.1361	0.0272	0.0647	0.1166	
175	0.3566	0.1716	0.2115	0.0269	0.0027	
176	0.4113	0.3402	0.0179	0	0.0423	
177	0.0915	0.1066	0.0485	0.2116	0.0338	
178	0.1224	0.2608	0.007	0.3033	0.0592	
179	0.0315	0.165	0.1885	0.1486	0.0674	
180	0.298	0.4249	0.0489	0.0293	0.0663	
181	0.0328	0.7211	0.1289	0.0247	0.0014	
182	0.092	0.0244	0.4135	0.0052	0.1564	
183	0.0177	0.0037	0.0349	0.1268	0.1551	
184	0.3251	0.3195	0.0501	0.0148	0.0099	
185	0.1354	0.7479	0.0185	0.0096	0.0096	
186	0.0021	0.1663	0.4508	0.0672	0.0654	
187	0.3693	0.233	0.0037	6e-04	0.1025	
188	0.0365	0.0421	0.3903	0.0869	0.0805	
189	0.4432	0.259	1e-04	0.0197	0.1168	
190	0.0123	0.3045	0.0391	0.0877	0.213	
191	0.0194	0.3292	0.2789	0.0019	0.1566	
192	0.1685	0.0609	0.3311	0.1084	0.0402	
193	0.7319	0.0155	0.0064	0.141	0.0101	
194	0.575	0.0117	0.1375	0.0259	0.0601	
195	0.0066	0.7516	0.0115	0.0034	0.0321	
196	0.0525	0.1718	0.1786	0.0048	0.0133	
197	0.6796	0.136	0.0268	0.0117	0.0018	
198	0.0271	0.1144	0.4288	0.0208	0.2306	
199	0.6882	0.0472	0.0922	0	0.0517	
200	0.1938	0.6417	0.0341	0.0015	0.001	

contrib
   	Dim.1	Dim.2	Dim.3	Dim.4	Dim.5	
1	0.2133	0.1371	0.4217	0.2747	0.7107	
2	0.1561	0.0524	0.0235	0.7039	4.4994	
3	0.5712	0.0417	0.3443	0.2008	0.5512	
4	1.7392	0.3646	0.1073	0.0472	0.2214	
5	0.5106	0.2213	0.3197	0	0.2918	
6	0.3527	0.0455	0.0478	0.0215	0.6082	
7	0.5738	0.1236	0.0432	0.1754	0.7917	
8	0.0185	1.7849	0.0065	0.0232	0.6135	
9	0.33	0.7071	0.46	0.0271	0.3975	
10	0.2309	0.0303	0.0014	0.9554	0.1641	
11	1.5448	1e-04	0.4447	0.055	0.0134	
12	0.0352	0.0376	0.0472	0.0739	0.117	
13	1.0667	1.0911	0.0241	0.2453	0.1521	
14	7e-04	0.1625	0.1667	0.1409	0.8672	
15	0.7679	0.1355	0.2913	0.0017	0.1069	
16	9e-04	0.2267	0.884	0.1767	0.1021	
17	0.0536	2e-04	0.2778	0.1935	0.7593	
18	0.0269	0.0106	0.0011	0.0195	0.1087	
19	0.9662	0.2514	0.1448	0.161	0.0076	
20	0.0582	0.0507	0.2759	1e-04	0.2658	
21	0.0713	1.8373	0.0056	0.3066	0.0934	
22	0.6221	0.0981	0.4616	0.0043	0.0739	
23	0.0351	0.1398	0.0163	0	0.0612	
24	0.9854	0.4411	0.0082	0.1793	1.121	
25	0.0011	0.005	0.1962	0.1577	0.8282	
26	1.1502	0.0374	0.0017	0.7292	0.0217	
27	0.4375	0.3399	1.2247	0.3531	0.0958	
28	0.0198	0.0089	0.258	0.3166	0.0387	
29	0.543	0.0799	0.9829	0.0075	0.022	
30	0.6106	0.178	0.4377	0.2992	0.5359	
31	0.2751	0.0242	0.2317	9e-04	0.2847	
32	0.0295	0.0571	0.2413	0.0218	0.1472	
33	0	0.4607	0.1433	0.002	0.6537	
34	0.1094	0.0519	0.7941	0.0912	0.3834	
35	0.0986	0.0347	0.0873	1.8294	0.0345	
36	0.0012	0.9242	0.4084	0.1244	0.0123	
37	0.6838	4e-04	0.2837	0.2168	0.7754	
38	0.3317	0.182	0.0657	0.0361	0.0493	
39	0.0029	0.5059	0.8279	0.0507	0.1748	
40	1.4359	0.2957	0.3775	0.1794	0.0806	
41	1.3913	0.1222	0.0212	0.0534	0.2069	
42	4.0053	0.2147	0.2716	1.8994	2.3329	
43	0.4362	0.1605	1.1545	1.6842	5e-04	
44	0.3715	0.2693	0.8136	0.2727	0.0994	
45	0.4125	0.0376	1.0388	1e-04	0.0783	
46	2e-04	0.3826	0.8388	0.4107	0.7836	
47	0.1085	0.4303	9e-04	0.1378	0.0248	
48	2.2788	0.553	1.3917	43.4479	9.0157	
49	0.0116	1.4736	0.0635	0.0806	0.2191	
50	0.1056	0.0278	0.3662	0.003	0.0053	
51	0.3109	1.0878	5.3744	1.7931	1.2961	
52	0.5008	0.0294	0.681	0	0.0119	
53	0.0073	1.0984	0.1301	4e-04	0.7328	
54	0.218	0.3467	5e-04	0.2097	0.1157	
55	0.0053	0.5844	1.6538	0.8551	0.6285	
56	1.2161	6.9944	0.0691	2e-04	0.2434	
57	1.9427	0.8727	0.4157	0.6893	0.3148	
58	1.0876	0.025	0.0024	0.2211	0.0032	
59	0.2086	0.7159	0.4381	1.7223	1.0738	
60	0.3951	1.0689	0.4574	0.1062	0	
61	0.0543	0.4212	7e-04	0.0759	0.2446	
62	0.3995	2.9997	0.1835	0.0342	1.0827	
63	0.1594	1.3515	1.0918	0.1421	0.0923	
64	0.4575	0.2179	0.0314	0.0459	0.6085	
65	0.1297	0.2185	0.4985	0.1093	1.7293	
66	0.039	0.2415	0.0772	0.168	0.0672	
67	0.1806	0.7191	3e-04	0.0958	0.2656	
68	1.8873	6e-04	0.2879	0.0029	0.0059	
69	0.2358	0.0423	0.3395	0.321	0.4632	
70	0.2925	0.0097	0.006	3e-04	0.0282	
71	0.0994	0.0037	0.0686	0.0732	0.2617	
72	0.1561	0.0524	0.0235	0.7039	4.4994	
73	0.2671	0.22	0.0275	0.109	0.0452	
74	0.158	0.0448	0.0121	4e-04	0	
75	0.238	0.0419	0.0053	0.8012	0.4361	
76	0.2316	0.5528	2.2678	0.011	1.5384	
77	0.0179	0.0012	0.0289	0	0.1265	
78	0.0183	0.0042	0.3154	0.0234	0.1673	
79	1.1174	0.1234	0.3275	9e-04	0.1202	
80	1.5893	0.679	0.2751	0.8277	0.0208	
81	7e-04	0.0349	0.334	0.0121	0.0147	
82	0.5371	0.0845	0.0399	0	0.0226	
83	0.0018	0.6646	0.1734	0.0031	0.0027	
84	0.1283	0.3716	0.2581	0.0026	0.6366	
85	0.0748	1.2679	0.0197	0.4296	0.3486	
86	0.1748	0.0014	0.0391	0.1212	0.0031	
87	0.7898	2.4528	0.0044	0.0948	0.029	
88	0.2304	0.004	0.3333	0.0557	0.124	
89	0.3703	0.0361	0.0596	0.0075	0.0205	
90	0.0819	0.0039	3.187	1.5483	4.3859	
91	0.0915	0.7758	1.9811	0.6422	0.6628	
92	1.3948	1.1509	0.2188	0.5895	0.0012	
93	0.0791	0.3742	0.0014	0.0367	0.0224	
94	1.3013	0.1132	0.5613	0.2217	0.1277	
95	0.1308	0.5714	0.7527	0.7333	0.2464	
96	0.0651	0.3256	0.2907	0.2996	0.0784	
97	0.0415	0.4647	0.2597	0.1372	0.3263	
98	0.9006	0.2512	0.7702	0.0184	0.0011	
99	0.4935	0.0185	0.0969	0.0045	0.6707	
100	0.0892	0.0728	0.5409	0.6586	0.4045	
101	0.0741	0.043	0.2787	0.0122	0.2217	
102	0.3238	0.9352	19.5211	4.4981	1.2441	
103	0.1656	0.6158	0.0656	0.2858	0.041	
104	0.1544	0.696	0.587	0.1181	0.0841	
105	0.666	2e-04	0.9283	0.0015	0.1478	
106	0.7759	0.2167	0.0051	0.0052	0.8151	
107	1.5899	0.6097	0.2218	0.7845	4.9793	
108	0.9057	0.8696	0.3167	0.273	1.8459	
109	0.5105	0.6465	2.1942	0.0377	0.0503	
110	0.2069	0.0839	0.2249	0.0059	0.055	
111	1.9992	0.1341	0.3074	0.0603	0.0047	
112	0.0015	0.6249	0.3981	0.0725	0.0423	
113	0.6308	1.1155	0.0788	0.237	0.0136	
114	0.0471	0.3163	0.232	0.0043	0.8543	
115	0.2436	0.0686	0.1022	0.0068	0.2351	
116	1.9903	0.0525	0.2281	0.0351	0.7483	
117	0.0191	0.22	0.4861	0.2626	1.076	
118	0.603	0.1825	0.518	0.0922	0.5429	
119	0.0159	0.8158	0.1761	0.0461	0.022	
120	0.0821	0.019	0.8854	0.0452	0.3369	
121	0	0.4542	0.964	0.0208	2.0706	
122	0.3299	0.7749	0.0575	0.2354	0.4551	
123	0.1727	0.501	0.2608	0.0768	0.0872	
124	0.02	0.0689	0.194	0.0043	0.0238	
125	0.43	0.8319	6.7522	0.1368	3.4851	
126	0.0266	0.0319	0.0369	0.0335	0.0259	
127	0.1265	1.9508	0.0622	0.0267	0	
128	0.4772	0.0724	0.0456	0.0104	0.3218	
129	2.9703	0.0768	0.2487	0.07	0.1177	
130	0.0119	0.0859	0.3032	0.1612	0.2033	
131	2.9483	0.1471	0.0691	3.0837	1.9373	
132	0.0016	0.0465	0.0021	0.3651	0.9865	
133	0.0014	0.0825	0.8001	0.0935	0.1471	
134	1.3229	0.4501	0.4408	1.2305	0.0926	
135	1.5566	0.0718	0.001	0.8105	1.6177	
136	0.0892	0.0023	0.2811	0.043	0.1123	
137	0.2395	0.0338	0.0766	6e-04	0.0092	
138	0.4795	0.5442	0.0279	0.0419	0.2051	
139	0.4844	0.797	0.0147	0.1064	0.0027	
140	0.4673	0.0571	0.1041	0.0095	0.0144	
141	2.7481	1.1017	0.4684	0.3828	0.3313	
142	1.5965	0.7223	0.2047	0.5059	0.2617	
143	1e-04	0.146	0.3819	0.2033	0.0148	
144	0.3434	0.3227	0.139	0.164	0.8973	
145	0.0261	0.1177	0.0816	0.0068	0.1848	
146	1.8757	0.6878	0.0372	0.0444	0.1212	
147	0.0571	0.0047	0.061	0.1249	0.1018	
148	0.0172	0.8904	0.1722	0	0.4489	
149	0.3529	0.6665	0.1853	0.447	0.7303	
150	0.0997	0.0468	0.2177	0.003	0.3565	
151	1.1779	0.4403	0.6982	0.0044	0.3897	
152	0.0072	0.3826	0.1524	0.0559	0.5146	
153	0.0161	1.5152	0.2136	0.422	0.0444	
154	5e-04	0.0099	0.0618	2e-04	0	
155	0.3457	0.0732	0.321	1e-04	0.029	
156	0.1147	2.4807	0.7876	0.126	0.0032	
157	0.9078	0.6513	0.036	0.1732	0.2794	
158	0.9307	2.9148	0.1129	0.0373	0.6258	
159	1.4948	0.2458	0.8475	0.1455	0.0146	
160	0.523	0.1218	0.1229	0.0429	0.0121	
161	0.456	0.8278	0.3564	0.0559	1.4399	
162	1.5706	0.4798	0.0177	0.4223	0.7995	
163	0.1226	0.1947	0.0121	4e-04	0.005	
164	0.1574	1.0721	0.1145	0.0829	0.4032	
165	0.0416	0.5676	0.1873	0.0968	1.4704	
166	0.2976	0.1847	0.2846	0.0171	0.0012	
167	0.2898	0.0223	0.2178	0.0061	0.242	
168	0.0468	0.7096	0	0.1729	0.5604	
169	3e-04	0.0012	0.0035	0.0667	0.1154	
170	0.4352	2.037	0.3109	1.0257	0.076	
171	0.9631	0.3342	0.2631	0.0044	0.0515	
172	0.22	0.216	0.0142	0.0717	0.1578	
173	1.3667	0.0901	0.4899	0.1443	0.0949	
174	0.0287	0.1593	0.0385	0.1379	0.3202	
175	0.8314	0.5934	0.8832	0.1695	0.0218	
176	0.4619	0.5666	0.0361	1e-04	0.165	
177	0.0897	0.155	0.0851	0.5603	0.1152	
178	0.9062	2.8636	0.0931	6.0643	1.5232	
179	0.0307	0.2385	0.329	0.3913	0.2284	
180	0.3111	0.6581	0.0914	0.0827	0.2407	
181	0.0725	2.3624	0.5101	0.1471	0.011	
182	0.1778	0.0698	1.4314	0.0272	1.051	
183	0.0109	0.0034	0.0384	0.2103	0.3313	
184	0.2511	0.3662	0.0693	0.0308	0.0265	
185	0.2138	1.7518	0.0523	0.0408	0.0525	
186	0.0059	0.6834	2.2367	0.5027	0.6298	
187	0.1406	0.1316	0.0025	6e-04	0.1357	
188	0.0284	0.0485	0.5435	0.1825	0.2176	
189	0.3904	0.3384	2e-04	0.0468	0.3576	
190	0.0098	0.3592	0.0556	0.1885	0.5892	
191	0.0339	0.8544	0.8741	0.0088	0.9528	
192	0.2324	0.1246	0.8177	0.4036	0.1926	
193	1.4466	0.0455	0.0227	0.7528	0.0695	
194	1.2028	0.0362	0.5152	0.1465	0.4376	
195	0.0075	1.2665	0.0233	0.0103	0.1266	
196	0.0631	0.3065	0.3848	0.0154	0.0558	
197	2.0084	0.5961	0.1421	0.0933	0.0183	
198	0.0542	0.3396	1.5371	0.1124	1.6051	
199	1.9073	0.1942	0.4579	0	0.498	
200	0.9371	4.6031	0.2952	0.019	0.0164	

dist
2.933538	3.772739	3.01126	3.909391	2.67293	2.094212	2.636172	3.735105	3.276905	2.436111	3.683458	1.796718	3.795641	2.281776	3.128463	2.944703	2.114122	1.605293	3.446366	1.937062	3.269658	2.66347	2.281984	3.578679	2.128483	3.569747	3.235447	2.041111	2.929777	2.929266	2.523019	1.703483	2.045851	2.732411	2.896953	2.63313	3.563769	2.297283	2.705529	3.717207	3.411367	6.114816	4.448381	3.121552	3.042202	3.67022	1.917993	12.45284	3.015047	1.68451	6.071344	3.131266	3.062361	2.801285	3.854264	6.368479	4.590882	3.103602	3.867194	3.662103	2.404264	4.367049	3.732502	2.322056	3.460575	2.200531	2.39751	3.736125	2.476912	1.638019	2.16977	3.772739	2.387709	2.081934	2.951667	4.050009	1.969149	1.553409	3.197314	4.381901	1.921908	2.252843	2.668178	2.459786	3.059889	3.070959	4.564773	2.904801	2.030164	6.03797	4.705136	4.318433	2.041058	3.63558	2.953813	1.998136	2.544531	3.53404	2.448248	2.517185	1.790617	10.38427	2.420929	3.50033	3.633153	3.089005	5.161385	3.939503	4.485034	2.143291	4.391634	2.900845	3.375665	2.885843	1.917549	4.328188	3.08582	2.973594	2.379577	2.405791	3.548274	2.872848	2.987189	1.363635	6.785327	2.181088	3.212973	2.48217	4.760949	2.23075	5.749015	2.020461	2.285137	4.363601	4.284471	2.658451	1.74195	3.13806	3.063599	2.346086	5.151041	4.116353	2.127338	2.677645	2.244865	4.35578	2.253897	2.55598	3.141943	2.148155	4.025331	2.073214	3.140072	1.269756	2.586374	4.177813	3.277357	5.177905	3.94958	2.404828	3.605647	4.731293	1.590203	3.209418	2.914145	2.096019	2.511528	2.475322	1.026941	5.07383	3.169115	1.82723	3.666551	2.247348	3.862482	2.680597	2.504654	6.88226	2.497013	2.584769	3.759189	3.516495	1.982169	2.223271	3.178499	4.209791	1.560945	2.230445	2.373912	2.255819	3.345704	2.970264	3.556235	3.658737	2.695984	2.774074	4.348606	3.578289	4.211141	5.562393	
svd
vs
1.788679	1.468581	1.336457	1.08827	0.959118	0.893388	0.7726604	0.6687803	0.6298865	0.5486154	0.3962888	0.237374	
U
   	
	0.6531	0.5237	0.9184	-0.7412	1.1922	
	-0.5588	-0.3237	0.2167	-1.1865	2.9998	
	-1.0688	-0.2888	0.8299	0.6337	-1.05	
	1.8651	0.8539	-0.4633	-0.3071	0.6655	
	-1.0105	-0.6653	0.7997	0.0033	-0.764	
	-0.8399	0.3015	-0.3092	-0.2074	1.1029	
	-1.0712	-0.4972	0.2938	0.5923	1.2583	
	-0.1924	1.8894	-0.1144	-0.2156	-1.1077	
	-0.8124	-1.1892	-0.9591	0.2327	-0.8917	
	-0.6796	-0.246	0.0523	1.3823	-0.5728	
	1.7577	-0.0134	0.9431	0.3315	-0.1638	
	0.2651	-0.2743	-0.3071	-0.3846	0.4837	
	1.4606	1.4772	-0.2194	-0.7004	0.5515	
	-0.0373	-0.5701	-0.5774	-0.5309	1.317	
	1.2393	0.5206	-0.7633	0.0585	0.4623	
	-0.043	-0.6733	1.3297	-0.5945	0.4519	
	0.3275	0.0188	-0.7454	0.6222	-1.2323	
	0.2321	0.1459	0.0461	-0.1975	0.4662	
	-1.3901	0.709	0.5381	-0.5674	-0.1236	
	-0.3411	-0.3185	0.7428	-0.0154	-0.7291	
	0.3775	1.9169	0.1054	0.783	-0.4323	
	1.1155	0.4429	-0.9608	-0.0928	0.3844	
	-0.265	-0.5287	-0.1806	0	-0.3498	
	-1.4038	0.9392	-0.1279	-0.5988	1.4973	
	0.0467	0.0999	0.6263	0.5617	-1.287	
	-1.5167	-0.2735	0.0589	-1.2076	0.2083	
	-0.9354	-0.8245	-1.565	-0.8404	-0.4378	
	0.1988	-0.1336	-0.7184	0.7958	0.2782	
	-1.0421	-0.3997	-1.4021	0.1223	-0.2099	
	-1.1051	0.5967	-0.9357	-0.7735	1.0353	
	-0.7417	-0.2199	-0.6808	0.0416	0.7546	
	-0.2429	-0.3378	-0.6947	0.2088	-0.5427	
	-0.0021	-0.9599	0.5354	0.0629	-1.1434	
	-0.4678	-0.3222	-1.2603	0.427	-0.8756	
	0.444	-0.2633	-0.4178	1.9128	-0.2626	
	0.0486	-1.3596	-0.9037	-0.4988	-0.1569	
	-1.1695	-0.0288	-0.7532	0.6585	1.2453	
	-0.8145	-0.6033	-0.3624	0.2686	0.314	
	0.076	-1.0059	1.2867	-0.3184	-0.5912	
	1.6946	-0.7691	-0.869	0.5989	-0.4014	
	-1.6681	0.4944	0.2059	0.3267	-0.6432	
	2.8303	-0.6553	0.7371	-1.949	2.16	
	-0.934	0.5666	-1.5195	-1.8353	-0.0332	
	-0.862	-0.7338	-1.2756	-0.7385	0.4459	
	-0.9083	0.2741	1.4414	-0.0114	-0.3958	
	0.0197	0.8748	1.2952	0.9063	-1.2519	
	0.4659	0.9276	-0.0422	0.525	-0.2227	
	2.1348	-1.0517	1.6683	9.3218	4.2463	
	0.1526	1.7167	0.3565	0.4016	-0.6619	
	0.4595	0.236	-0.8558	-0.0779	0.103	
	0.7886	-1.475	3.2785	-1.8937	1.61	
	-1.0008	-0.2425	-1.1671	-0.0051	-0.1546	
	0.1208	1.4821	0.5102	0.0284	-1.2106	
	0.6603	0.8327	-0.0307	0.6475	-0.4809	
	-0.1025	-1.0811	1.8187	-1.3077	1.1211	
	-1.5596	3.7402	0.3717	0.0205	0.6977	
	1.9711	-1.3211	-0.9118	-1.1742	-0.7935	
	1.4748	-0.2237	0.0689	-0.665	0.0795	
	-0.6459	-1.1966	-0.9361	1.8559	1.4655	
	0.8889	1.4621	-0.9564	-0.4608	-0.0044	
	0.3294	0.9179	-0.0363	0.3897	-0.6995	
	0.8939	2.4494	0.6058	-0.2615	1.4715	
	-0.5647	-1.6441	1.4777	-0.5331	0.4297	
	-0.9566	-0.6602	-0.2505	0.3031	1.1032	
	-0.5092	-0.661	0.9985	-0.4677	1.8597	
	-0.2794	-0.695	0.3929	-0.5796	-0.3665	
	-0.601	-1.1992	-0.026	-0.4378	0.7289	
	1.9428	0.0339	-0.7588	-0.0757	-0.1082	
	0.6867	0.2907	-0.824	0.8013	-0.9625	
	-0.7648	0.1391	-0.1094	0.0247	0.2377	
	-0.446	0.0856	0.3704	0.3827	-0.7234	
	-0.5588	-0.3237	0.2167	-1.1865	2.9998	
	-0.7309	-0.6633	-0.2344	0.4668	0.3005	
	-0.5621	0.2995	-0.1554	-0.0284	-0.0028	
	-0.6899	-0.2894	-0.1031	1.2659	-0.934	
	-0.6806	-1.0515	2.1297	-0.1485	-1.7541	
	-0.189	0.0493	-0.2404	-8e-04	-0.503	
	-0.1912	-0.0919	-0.7943	-0.2162	0.5784	
	1.495	-0.4968	-0.8093	0.0428	-0.4902	
	1.7829	1.1654	-0.7418	1.2866	-0.2039	
	-0.0375	0.2644	-0.8173	-0.1557	-0.1714	
	-1.0365	0.4112	0.2824	-0.0093	0.2126	
	-0.0599	1.1529	0.5889	-0.0794	-0.0734	
	-0.5066	-0.8621	0.7185	0.0724	-1.1283	
	-0.3869	-1.5924	-0.1985	-0.927	0.835	
	0.5912	-0.0537	-0.2798	0.4923	0.079	
	-1.2568	-2.2149	-0.0943	-0.4354	-0.2408	
	-0.6789	-0.0896	0.8165	0.3338	-0.498	
	0.8606	0.2686	-0.3451	0.1221	0.2024	
	0.4047	0.0881	2.5247	-1.7597	2.9617	
	0.4278	1.2457	1.9905	1.1333	-1.1513	
	1.6702	1.5172	-0.6615	1.0858	0.049	
	-0.3978	-0.8651	0.0527	-0.271	-0.2116	
	1.6132	-0.4758	-1.0595	-0.6658	-0.5053	
	0.5115	-1.069	-1.2269	-1.2111	-0.7021	
	0.3608	-0.8069	-0.7625	0.774	0.396	
	-0.2881	-0.964	-0.7206	0.5237	0.8079	
	-1.3421	0.7088	-1.2411	0.1919	0.0463	
	0.9935	0.1926	-0.4403	0.0949	-1.1582	
	-0.4224	-0.3815	-1.0401	-1.1477	0.8994	
	-0.385	-0.2931	-0.7467	-0.156	0.6659	
	0.8047	1.3676	6.2484	-2.9994	-1.5774	
	-0.5756	1.1097	-0.3621	0.7561	0.2862	
	-0.5557	-1.1798	-1.0835	-0.4859	-0.4102	
	-1.1542	0.0187	1.3626	-0.0551	-0.5437	
	1.2457	-0.6583	0.1007	0.1022	-1.2768	
	1.7832	1.1043	0.666	-1.2526	3.1557	
	-1.3459	-1.3188	-0.7959	-0.739	1.9214	
	-1.0105	-1.1371	2.0948	-0.2746	-0.317	
	0.6432	0.4097	0.6707	-0.1082	-0.3316	
	1.9996	-0.5179	-0.784	-0.3474	0.0972	
	-0.0545	-1.118	0.8923	0.3809	0.2907	
	-1.1232	1.4936	0.3969	-0.6885	-0.1652	
	-0.3068	-0.7954	-0.6811	0.0926	-1.3072	
	0.698	-0.3705	-0.4522	-0.117	-0.6857	
	1.9951	0.3242	-0.6754	-0.2651	-1.2234	
	0.1953	-0.6634	0.986	0.7248	-1.467	
	-1.0982	-0.6042	1.0178	0.4294	-1.0421	
	-0.1782	1.2774	-0.5934	-0.3037	-0.21	
	-0.4051	0.1949	1.3307	-0.3006	0.8208	
	-0.0026	-0.9531	1.3885	0.2039	-2.035	
	0.8123	1.2449	-0.339	0.6862	0.9541	
	-0.5877	1.001	-0.7222	-0.392	-0.4176	
	0.2	-0.3712	0.623	-0.0925	0.218	
	0.9273	-1.2899	3.6748	0.5231	2.6401	
	-0.2308	0.2524	-0.2716	0.2589	0.2274	
	0.5029	1.9753	-0.3527	-0.2312	0.0037	
	0.9769	0.3805	-0.302	-0.1441	-0.8022	
	2.4373	-0.3919	-0.7052	-0.3741	-0.4853	
	0.1544	-0.4146	0.7787	-0.5678	0.6376	
	2.4283	0.5424	0.3717	-2.4834	1.9684	
	-0.0561	-0.3051	-0.0648	0.8545	-1.4046	
	-0.0526	-0.4061	-1.265	0.4324	-0.5424	
	-1.6266	0.9488	-0.9389	-1.5688	0.4302	
	1.7645	-0.379	0.0456	-1.2732	1.7987	
	-0.4223	0.0683	-0.7498	-0.2934	0.4739	
	-0.6921	0.2601	-0.3914	-0.0357	0.1354	
	-0.9792	-1.0433	-0.2362	-0.2895	-0.6405	
	-0.9843	1.2625	0.1715	0.4613	0.0733	
	-0.9667	0.3378	0.4563	0.1375	0.1698	
	2.3444	-1.4844	-0.9679	-0.875	-0.814	
	1.7869	-1.2019	-0.6398	-1.0058	-0.7234	
	0.0156	-0.5403	-0.8739	-0.6377	-0.1719	
	-0.8287	-0.8033	0.5272	0.5727	-1.3396	
	0.2283	0.4852	-0.404	0.117	-0.6079	
	-1.9368	1.1729	-0.2729	-0.2981	0.4923	
	-0.3379	0.097	-0.3492	0.4997	0.4513	
	0.1857	1.3344	0.5868	-0.0089	-0.9476	
	-0.8401	1.1545	0.6088	0.9455	1.2086	
	0.4465	0.3061	-0.6599	0.0778	-0.8444	
	-1.5349	-0.9384	-1.1817	-0.0942	0.8828	
	-0.1197	-0.8748	-0.552	-0.3343	1.0145	
	0.1794	1.7408	0.6537	0.9187	-0.298	
	0.0317	-0.1409	-0.3515	-0.0198	-0.0017	
	-0.8316	-0.3826	0.8013	-0.0128	0.2408	
	-0.479	2.2274	-1.255	-0.502	-0.0806	
	-1.3474	1.1413	-0.2685	0.5885	0.7475	
	1.3643	-2.4145	-0.4751	-0.273	-1.1188	
	-1.7291	0.7012	-1.302	-0.5394	0.1706	
	-1.0227	0.4935	0.4958	0.2928	0.1557	
	0.955	-1.2867	0.8443	-0.3345	-1.697	
	1.7723	0.9795	-0.188	-0.919	1.2645	
	-0.4952	-0.6239	0.1553	-0.0282	-0.1003	
	-0.561	-1.4643	0.4786	-0.4073	-0.898	
	0.2885	1.0655	0.6121	0.4399	-1.7149	
	-0.7715	-0.6078	-0.7545	-0.1849	-0.0484	
	-0.7613	-0.2113	-0.6601	0.1102	0.6957	
	-0.3061	-1.1913	0.0098	-0.5881	-1.0586	
	0.0261	-0.0487	0.0841	-0.3652	0.4805	
	0.933	2.0184	-0.7885	1.4323	0.3898	
	1.3879	0.8175	-0.7254	-0.0943	0.321	
	-0.6633	0.6573	-0.1688	0.3787	-0.5618	
	1.6533	-0.4245	-0.9899	0.5372	-0.4356	
	0.2394	-0.5645	0.2773	0.5251	-0.8002	
	-1.2895	1.0894	1.3291	0.5822	-0.209	
	-0.9612	-1.0646	-0.2686	0.0107	0.5745	
	0.4236	-0.5567	-0.4126	-1.0586	-0.48	
	-1.3462	-2.3932	-0.4315	3.4826	1.7454	
	0.2477	-0.6907	-0.8112	-0.8846	0.6758	
	-0.7888	-1.1473	-0.4275	-0.4067	0.6939	
	0.3808	2.1737	1.01	0.5423	-0.1486	
	-0.5964	0.3737	1.692	0.233	-1.4499	
	-0.1474	-0.082	-0.2771	0.6485	-0.814	
	-0.7087	-0.8558	-0.3724	0.2483	-0.2301	
	0.6539	1.8718	-0.3234	0.2855	-0.324	
	0.1089	-1.1691	2.115	1.0027	-1.1223	
	0.5303	0.5131	-0.0712	0.0339	-0.521	
	-0.2382	0.3115	1.0426	0.6042	-0.6596	
	-0.8836	-0.8227	-0.0177	0.306	-0.8458	
	-0.1401	-0.8476	0.3336	0.6139	-1.0855	
	-0.2604	1.3072	-1.3222	-0.1324	-1.3804	
	-0.6818	0.4993	-1.2788	-0.8984	0.6207	
	1.7009	-0.3017	0.2132	1.227	-0.3727	
	-1.551	0.2689	-1.015	-0.5414	0.9355	
	0.1226	1.5915	-0.2159	0.1435	-0.5033	
	0.3554	0.7829	-0.8773	0.1757	0.3339	
	2.0042	-1.0918	-0.533	-0.4319	-0.1915	
	-0.3291	-0.8242	1.7534	0.474	-1.7917	
	1.9531	-0.6232	-0.9569	0.0014	-0.998	
	-1.369	3.0342	0.7683	0.1952	0.1811	

V
   	
	0.4849	-0.1359	-0.0892	-0.2014	-0.0683	
	-0.2755	-0.3763	-0.0077	-0.2274	0.3759	
	0.4835	0.1108	0.0624	0.019	-0.1501	
	0.1434	-0.0188	0.4192	-0.4231	0.5371	
	0.0803	-0.1901	0.1087	0.6394	0.4558	
	-0.1504	0.0322	0.6003	0.1016	-0.2139	
	-0.0389	-0.0949	0.6463	-0.0127	-0.2868	
	0.3835	-0.3383	0.0545	-0.0871	0.2056	
	-0.4155	0.1698	0.0054	0.0642	0.2328	
	0.2507	0.292	0.0953	0.4798	0.2034	
	-0.034	0.5391	-0.0238	-0.2267	0.1922	
	0.1429	0.5118	0.0999	-0.1254	0.1802	

